# Element atom_number covalend_radius bond_order R G B
Xx        0  0.000000    0  0.070000 0.500000 0.700000
H         1  0.310000    1  1.000000 1.000000 1.000000
He        2  0.280000    0  0.850000 1.000000 1.000000
Li        3  1.280000    1  0.800000 0.500000 1.000000
Be        4  0.960000    2  0.760000 1.000000 0.000000
B         5  0.840000    4  1.000000 0.710000 0.710000
C         6  0.760000    4  0.500000 0.500000 0.500000
N         7  0.710000    4  0.050000 0.050000 1.000000
O         8  0.660000    3  1.000000 0.050000 0.050000
F         9  0.570000    1  0.700000 1.000000 1.000000
Ne       10  0.580000    0  0.700000 0.890000 0.960000
Na       11  1.660000    1  0.670000 0.360000 0.950000
Mg       12  1.410000    2  0.540000 1.000000 0.000000
Al       13  1.210000    6  0.750000 0.650000 0.650000
Si       14  1.110000    6  0.500000 0.600000 0.600000
P        15  1.070000    6  1.000000 0.500000 0.000000
S        16  1.050000    6  1.000000 1.000000 0.190000
Cl       17  1.020000    1  0.120000 0.940000 0.120000
Ar       18  1.060000    0  0.500000 0.820000 0.890000
K        19  2.030000    1  0.560000 0.250000 0.830000
Ca       20  1.760000    2  0.240000 1.000000 0.000000
Sc       21  1.700000    6  0.900000 0.900000 0.900000
Ti       22  1.600000    6  0.750000 0.760000 0.780000
V        23  1.530000    6  0.650000 0.650000 0.670000
Cr       24  1.390000    6  0.540000 0.600000 0.780000
Mn       25  1.390000    8  0.610000 0.480000 0.780000
Fe       26  1.320000    6  0.880000 0.400000 0.200000
Co       27  1.260000    6  0.940000 0.560000 0.630000
Ni       28  1.240000    6  0.310000 0.820000 0.310000
Cu       29  1.320000    6  0.780000 0.500000 0.200000
Zn       30  1.220000    6  0.490000 0.500000 0.690000
Ga       31  1.220000    3  0.760000 0.560000 0.560000
Ge       32  1.200000    4  0.400000 0.560000 0.560000
As       33  1.190000    3  0.740000 0.500000 0.890000
Se       34  1.200000    2  1.000000 0.630000 0.000000
Br       35  1.200000    1  0.650000 0.160000 0.160000
Kr       36  1.160000    0  0.360000 0.720000 0.820000
Rb       37  2.200000    1  0.440000 0.180000 0.690000
Sr       38  1.950000    2  0.000000 1.000000 0.000000
Y        39  1.900000    6  0.580000 1.000000 1.000000
Zr       40  1.750000    6  0.580000 0.880000 0.880000
Nb       41  1.640000    6  0.450000 0.760000 0.790000
Mo       42  1.540000    6  0.330000 0.710000 0.710000
Tc       43  1.470000    6  0.230000 0.620000 0.620000
Ru       44  1.460000    6  0.140000 0.560000 0.560000
Rh       45  1.420000    6  0.040000 0.490000 0.550000
Pd       46  1.390000    6  0.000000 0.410000 0.520000
Ag       47  1.450000    6  0.880000 0.880000 1.000000
Cd       48  1.440000    6  1.000000 0.850000 0.560000
In       49  1.420000    3  0.650000 0.460000 0.450000
Sn       50  1.390000    4  0.400000 0.500000 0.500000
Sb       51  1.390000    3  0.620000 0.390000 0.710000
Te       52  1.380000    2  0.830000 0.480000 0.000000
I        53  1.390000    1  0.580000 0.000000 0.580000
Xe       54  1.400000    0  0.260000 0.620000 0.690000
Cs       55  2.440000    1  0.340000 0.090000 0.560000
Ba       56  2.150000    2  0.000000 0.790000 0.000000
La       57  2.070000   12  0.440000 0.830000 1.000000
Ce       58  2.040000    6  1.000000 1.000000 0.780000
Pr       59  2.030000    6  0.850000 1.000000 0.780000
Nd       60  2.010000    6  0.780000 1.000000 0.780000
Pm       61  1.990000    6  0.640000 1.000000 0.780000
Sm       62  1.980000    6  0.560000 1.000000 0.780000
Eu       63  1.980000    6  0.380000 1.000000 0.780000
Gd       64  1.960000    6  0.270000 1.000000 0.780000
Tb       65  1.940000    6  0.190000 1.000000 0.780000
Dy       66  1.920000    6  0.120000 1.000000 0.780000
Ho       67  1.920000    6  0.000000 1.000000 0.610000
Er       68  1.890000    6  0.000000 0.900000 0.460000
Tm       69  1.900000    6  0.000000 0.830000 0.320000
Yb       70  1.870000    6  0.000000 0.750000 0.220000
Lu       71  1.870000    6  0.000000 0.670000 0.140000
Hf       72  1.750000    6  0.300000 0.760000 1.000000
Ta       73  1.700000    6  0.300000 0.650000 1.000000
W        74  1.620000    6  0.130000 0.580000 0.840000
Re       75  1.510000    6  0.150000 0.490000 0.670000
Os       76  1.440000    6  0.150000 0.400000 0.590000
Ir       77  1.410000    6  0.090000 0.330000 0.530000
Pt       78  1.360000    6  0.960000 0.930000 0.820000
Au       79  1.360000    6  0.800000 0.820000 0.120000
Hg       80  1.320000    6  0.710000 0.710000 0.760000
Tl       81  1.450000    3  0.650000 0.330000 0.300000
Pb       82  1.460000    4  0.340000 0.350000 0.380000
Bi       83  1.480000    3  0.620000 0.310000 0.710000
Po       84  1.400000    2  0.670000 0.360000 0.000000
At       85  1.500000    1  0.460000 0.310000 0.270000
Rn       86  1.500000    0  0.260000 0.510000 0.590000
Fr       87  2.600000    1  0.260000 0.000000 0.400000
Ra       88  2.210000    2  0.000000 0.490000 0.000000
Ac       89  2.150000    6  0.440000 0.670000 0.980000
Th       90  2.060000    6  0.000000 0.730000 1.000000
Pa       91  2.000000    6  0.000000 0.630000 1.000000
U        92  1.960000    6  0.000000 0.560000 1.000000
Np       93  1.900000    6  0.000000 0.500000 1.000000
Pu       94  1.870000    6  0.000000 0.420000 1.000000
Am       95  1.800000    6  0.330000 0.360000 0.950000
Cm       96  1.690000    6  0.470000 0.360000 0.890000
Bk       97  1.600000    6  0.540000 0.310000 0.890000
Cf       98  1.600000    6  0.630000 0.210000 0.830000
Es       99  1.600000    6  0.700000 0.120000 0.830000
Fm      100  1.600000    6  0.700000 0.120000 0.730000
Md      101  1.600000    6  0.700000 0.050000 0.650000
No      102  1.600000    6  0.740000 0.050000 0.530000
Lr      103  1.600000    6  0.780000 0.000000 0.400000
Rf      104  1.600000    6  0.800000 0.000000 0.350000
Db      105  1.600000    6  0.820000 0.000000 0.310000
Sg      106  1.600000    6  0.850000 0.000000 0.270000
Bh      107  1.600000    6  0.880000 0.000000 0.220000
Hs      108  1.600000    6  0.900000 0.000000 0.180000
Mt      109  1.600000    6  0.920000 0.000000 0.150000
Ds      110  1.600000    6  0.930000 0.000000 0.140000
Rg      111  1.600000    6  0.940000 0.000000 0.130000
Cp      112  1.600000    6  0.950000 0.000000 0.120000
Uut     113  1.600000    6  0.960000 0.000000 0.110000
Uuq     114  1.600000    6  0.970000 0.000000 0.100000
Uup     115  1.600000    6  0.980000 0.000000 0.090000
Uuh     116  1.600000    6  0.990000 0.000000 0.080000
